num_of_goal: 3
latitude: [21.006566, 21.006567, 21.006568]
longitude: [105.842895, 105.842896, 105.842897]
altitude: [-20, -20, -20]

num_of_target: 4
x_pos: [0, 5, 5, 0]
y_pos: [0, 0, 5, 5]
z_pos: [5, 5, 5, 5]